----Initial Value of ||x(k) - x(hat)----
0.690387
0.634928
0.589065
0.550289
0.516897
0.487694
0.461823
0.438653
0.41771
0.398631
0.381135
0.364997
0.350038
0.336114
0.323103
0.310907
0.29944
0.288632
0.278421
0.268755
0.259587
0.250876
0.242587
0.234687
0.227149
0.219947
0.213058
0.206461
0.200137
0.19407
0.188244
0.182645
0.177259
0.172074
0.16708
0.162267
0.157624
0.153144
0.148819
0.14464
0.140601
0.136696
0.132918
0.129261
0.125722
0.122294
0.118972
0.115754
0.112633
0.109607
0.106672
0.103825
0.101062
0.0983795
0.0957754
0.0932467
0.0907907
0.0884049
0.0860868
0.0838343
0.081645
0.079517
0.0774483
0.0754368
0.0734809
0.0715786
0.0697285
0.0679288
0.066178
0.0644746
0.0628172
0.0612044
0.0596349
0.0581074
0.0566206
0.0551734
0.0537646
0.0523932
0.051058
0.049758
0.0484922
0.0472597
0.0460594
0.0448906
0.0437524
0.0426438
0.0415641
0.0405124
0.0394881
0.0384903
0.0375183
0.0365715
0.0356491
0.0347505
0.033875
0.0330221
0.032191
0.0313814
0.0305924
0.0298237
0.0290747
0.0283448
0.0276336
0.0269405
0.026265
0.0256068
0.0249654
0.0243403
0.023731
0.0231372
0.0225585
0.0219945
0.0214448
0.020909
0.0203868
0.0198777
0.0193816
0.018898
0.0184265
0.017967
0.0175191
0.0170825
0.0166568
0.0162419
0.0158375
0.0154432
0.0150588
0.0146841
0.0143188
0.0139627
0.0136155
0.013277
0.012947
0.0126253
0.0123116
0.0120058
0.0117077
0.011417
0.0111336
0.0108573
0.0105879
0.0103252
0.0100691
0.0098194
0.00957593
0.00933853
0.00910706
0.00888136
0.00866129
0.00844671
0.00823747
0.00803345
0.00783452
0.00764053
0.00745138
0.00726694
0.00708709
0.00691171
0.00674069
0.00657393
0.00641131
0.00625274
0.00609811
0.00594732
0.00580027
0.00565688
0.00551705
0.00538069
0.00524771
0.00511804
0.00499158
0.00486826
0.004748
0.00463072
0.00451635
0.00440481
0.00429604
0.00418996
0.00408652
0.00398563
0.00388724
0.0037913
0.00369772
0.00360647
0.00351747
0.00343067
0.00334603
0.00326348
0.00318297
0.00310445
0.00302788
0.0029532
0.00288036
0.00280933
0.00274005
0.00267249
0.00260659
0.00254233
0.00247965
0.00241852
0.0023589
0.00230076
0.00224405
0.00218874
0.0021348
0.00208219
0.00203088
0.00198084
0.00193203
0.00188442
0.001838
0.00179271
0.00174855
0.00170548
0.00166346
0.00162249
0.00158252
0.00154355
0.00150553
0.00146845
0.00143229
0.00139702
0.00136261
0.00132906
0.00129633
0.00126441
0.00123328
0.00120292
0.0011733
0.00114441
0.00111624
0.00108876
0.00106196
0.00103582
0.00101032
0.00098545
0.000961194
0.000937536
0.00091446
0.000891953
0.000870001
0.000848589
0.000827705
0.000807335
0.000787467
0.000768089
0.000749188
0.000730752
0.00071277
0.000695232
0.000678125
0.000661439
0.000645165
0.000629291
0.000613808
0.000598706
0.000583976
0.000569609
0.000555595
0.000541927
0.000528595
0.000515591
0.000502907
0.000490536
0.000478469
0.000466699
0.000455219
0.000444021
0.000433099
0.000422446
0.000412055
0.00040192
0.000392034
0.000382391
0.000372986
0.000363812
0.000354864
0.000346137
0.000337623
0.00032932
0.00032122
0.00031332
0.000305615
0.000298099
0.000290768
0.000283617
0.000276642
0.000269839
0.000263203
0.00025673
0.000250417
0.000244259
0.000238252
0.000232394
0.000226679
0.000221105
0.000215668
0.000210365
0.000205192
0.000200146
0.000195225
0.000190425
0.000185742
0.000181175
0.00017672
0.000172375
0.000168137
0.000164002
0.00015997
0.000156037
0.0001522
0.000148458
0.000144808
0.000141247
0.000137775
0.000134387
0.000131083
0.00012786
0.000124717
0.00012165
0.000118659
0.000115742
0.000112896
0.000110121
0.000107413
0.000104773
0.000102197
9.96842e-05
9.72335e-05
9.4843e-05
9.25113e-05
9.02369e-05
8.80185e-05
8.58546e-05
8.37439e-05
8.16851e-05
7.9677e-05
7.77182e-05
7.58075e-05
7.39439e-05
7.21261e-05
7.03529e-05
6.86234e-05
6.69364e-05
6.52909e-05
6.36858e-05
6.21202e-05
6.05931e-05
5.91035e-05
5.76505e-05
5.62333e-05
5.48509e-05
5.35025e-05
5.21873e-05
5.09044e-05
4.9653e-05
4.84324e-05
4.72418e-05
4.60805e-05
4.49477e-05
4.38428e-05
4.2765e-05
4.17138e-05
4.06884e-05
3.96882e-05
3.87125e-05
3.77609e-05
3.68327e-05
3.59272e-05
3.50441e-05
3.41826e-05
3.33424e-05
3.25227e-05
3.17233e-05
3.09435e-05
3.01828e-05
2.94409e-05
2.87172e-05
2.80113e-05
2.73227e-05
2.66511e-05
2.5996e-05
2.5357e-05
2.47336e-05
2.41257e-05
2.35326e-05
2.29542e-05
2.23899e-05
2.18396e-05
2.13027e-05
2.07791e-05
2.02683e-05
1.97701e-05
1.92841e-05
1.88101e-05
1.83477e-05
1.78967e-05
1.74568e-05
1.70277e-05
1.66091e-05
1.62009e-05
1.58027e-05
1.54142e-05
1.50353e-05
1.46657e-05
1.43053e-05
1.39536e-05
1.36106e-05
1.32761e-05
1.29497e-05
1.26314e-05
1.23209e-05
1.20181e-05
1.17227e-05
1.14345e-05
1.11535e-05
1.08793e-05
1.06119e-05
1.0351e-05
1.00966e-05
9.84844e-06
9.60636e-06
9.37023e-06
9.13991e-06
8.91525e-06
8.69611e-06
8.48236e-06
8.27386e-06
8.07049e-06
7.87211e-06
7.67861e-06
7.48987e-06
7.30577e-06
7.12619e-06
6.95103e-06
6.78018e-06
6.61352e-06
6.45096e-06
6.29239e-06
6.13773e-06
5.98686e-06
5.8397e-06
5.69616e-06
5.55615e-06
5.41958e-06
5.28637e-06
5.15643e-06
5.02969e-06
4.90606e-06
4.78547e-06
4.66784e-06
4.5531e-06
4.44119e-06
4.33203e-06
4.22554e-06
4.12168e-06
4.02037e-06
3.92155e-06
3.82516e-06
3.73114e-06
3.63943e-06
3.54997e-06
3.46271e-06
3.3776e-06
3.29458e-06
3.2136e-06
3.13461e-06
3.05756e-06
2.98241e-06
2.9091e-06
2.8376e-06
2.76785e-06
2.69982e-06
2.63346e-06
2.56873e-06
2.50559e-06
2.444e-06
2.38393e-06
2.32533e-06
2.26818e-06
2.21243e-06
2.15804e-06
2.105e-06
2.05326e-06
2.00279e-06
1.95356e-06
1.90555e-06
1.85871e-06
1.81302e-06
1.76846e-06
1.72499e-06
1.68259e-06
1.64123e-06
1.60089e-06
1.56154e-06
1.52316e-06
1.48572e-06
1.4492e-06
1.41358e-06
1.37884e-06
----Final Value of ||x(k) - x(hat)----
